% latex table generated in R 4.0.4 by xtable 1.8-4 package
% Sat Mar 27 11:38:54 2021
\begin{table}[ht]
\centering
\begin{tabular}{rrrrrrr}
  \hline
 & oil & gold & rexc & embi & cdi & cb \\ 
  \hline
oil & 1.0000 & 0.4901 & -0.0355 & -0.6355 & -0.4009 & -0.8290 \\ 
  gold & 0.4901 & 1.0000 & 0.1187 & -0.6226 & -0.8188 & -0.5272 \\ 
  rexc & -0.0355 & 0.1187 & 1.0000 & -0.0325 & -0.1489 & 0.0272 \\ 
  embi & -0.6355 & -0.6226 & -0.0325 & 1.0000 & 0.6260 & 0.8101 \\ 
  cdi & -0.4009 & -0.8188 & -0.1489 & 0.6260 & 1.0000 & 0.4246 \\ 
  cb & -0.8290 & -0.5272 & 0.0272 & 0.8101 & 0.4246 & 1.0000 \\ 
   \hline
\end{tabular}
\end{table}
