% latex table generated in R 4.0.3 by xtable 1.8-4 package
% Mon Feb 15 16:14:19 2021
\begin{table}[ht]
\centering
\begin{tabular}{rrrrrrr}
  \hline
 & gold & embi & oil & cb & rexc & cdi \\ 
  \hline
gold & 1.0000 & -0.6226 & 0.4901 & -0.5272 & 0.1187 & -0.8188 \\ 
  embi & -0.6226 & 1.0000 & -0.6355 & 0.8101 & -0.0325 & 0.6260 \\ 
  oil & 0.4901 & -0.6355 & 1.0000 & -0.8290 & -0.0355 & -0.4009 \\ 
  cb & -0.5272 & 0.8101 & -0.8290 & 1.0000 & 0.0272 & 0.4246 \\ 
  rexc & 0.1187 & -0.0325 & -0.0355 & 0.0272 & 1.0000 & -0.1489 \\ 
  cdi & -0.8188 & 0.6260 & -0.4009 & 0.4246 & -0.1489 & 1.0000 \\ 
   \hline
\end{tabular}
\end{table}
