% latex table generated in R 4.0.0 by xtable 1.8-4 package
% Thu Jul 16 19:23:27 2020
\begin{table}[ht]
\centering
\begin{tabular}{rrrrrrr}
  \hline
 & gold & embi & oil & cb & rexc & cdi \\ 
  \hline
gold & 1.0000 & -0.6611 & 0.6025 & -0.6782 & 0.0094 & -0.8007 \\ 
  embi & -0.6611 & 1.0000 & -0.6597 & 0.8527 & -0.0391 & 0.6732 \\ 
  oil & 0.6025 & -0.6597 & 1.0000 & -0.8212 & 0.0234 & -0.5200 \\ 
  cb & -0.6782 & 0.8527 & -0.8212 & 1.0000 & -0.0546 & 0.6007 \\ 
  rexc & 0.0094 & -0.0391 & 0.0234 & -0.0546 & 1.0000 & -0.0047 \\ 
  cdi & -0.8007 & 0.6732 & -0.5200 & 0.6007 & -0.0047 & 1.0000 \\ 
   \hline
\end{tabular}
\end{table}
